% Instance:x_tree6
127 127 246
1 2
1 3
2 3
2 4
2 5
3 6
3 7
4 5
4 8
4 9
5 6
5 10
5 11
6 7
6 12
6 13
7 14
7 15
8 9
8 16
8 17
9 10
9 18
9 19
10 11
10 20
10 21
11 12
11 22
11 23
12 13
12 24
12 25
13 14
13 26
13 27
14 15
14 28
14 29
15 30
15 31
16 17
16 32
16 33
17 18
17 34
17 35
18 19
18 36
18 37
19 20
19 38
19 39
20 21
20 40
20 41
21 22
21 42
21 43
22 23
22 44
22 45
23 24
23 46
23 47
24 25
24 48
24 49
25 26
25 50
25 51
26 27
26 52
26 53
27 28
27 54
27 55
28 29
28 56
28 57
29 30
29 58
29 59
30 31
30 60
30 61
31 62
31 63
32 33
32 64
32 65
33 34
33 66
33 67
34 35
34 68
34 69
35 36
35 70
35 71
36 37
36 72
36 73
37 38
37 74
37 75
38 39
38 76
38 77
39 40
39 78
39 79
40 41
40 80
40 81
41 42
41 82
41 83
42 43
42 84
42 85
43 44
43 86
43 87
44 45
44 88
44 89
45 46
45 90
45 91
46 47
46 92
46 93
47 48
47 94
47 95
48 49
48 96
48 97
49 50
49 98
49 99
50 51
50 100
50 101
51 52
51 102
51 103
52 53
52 104
52 105
53 54
53 106
53 107
54 55
54 108
54 109
55 56
55 110
55 111
56 57
56 112
56 113
57 58
57 114
57 115
58 59
58 116
58 117
59 60
59 118
59 119
60 61
60 120
60 121
61 62
61 122
61 123
62 63
62 124
62 125
63 126
63 127
64 65
65 66
66 67
67 68
68 69
69 70
70 71
71 72
72 73
73 74
74 75
75 76
76 77
77 78
78 79
79 80
80 81
81 82
82 83
83 84
84 85
85 86
86 87
87 88
88 89
89 90
90 91
91 92
92 93
93 94
94 95
95 96
96 97
97 98
98 99
99 100
100 101
101 102
102 103
103 104
104 105
105 106
106 107
107 108
108 109
109 110
110 111
111 112
112 113
113 114
114 115
115 116
116 117
117 118
118 119
119 120
120 121
121 122
122 123
123 124
124 125
125 126
126 127
