% Instance:x_tree5
63 63 119
1 2
1 3
2 3
2 4
2 5
3 6
3 7
4 5
4 8
4 9
5 6
5 10
5 11
6 7
6 12
6 13
7 14
7 15
8 9
8 16
8 17
9 10
9 18
9 19
10 11
10 20
10 21
11 12
11 22
11 23
12 13
12 24
12 25
13 14
13 26
13 27
14 15
14 28
14 29
15 30
15 31
16 17
16 32
16 33
17 18
17 34
17 35
18 19
18 36
18 37
19 20
19 38
19 39
20 21
20 40
20 41
21 22
21 42
21 43
22 23
22 44
22 45
23 24
23 46
23 47
24 25
24 48
24 49
25 26
25 50
25 51
26 27
26 52
26 53
27 28
27 54
27 55
28 29
28 56
28 57
29 30
29 58
29 59
30 31
30 60
30 61
31 62
31 63
32 33
33 34
34 35
35 36
36 37
37 38
38 39
39 40
40 41
41 42
42 43
43 44
44 45
45 46
46 47
47 48
48 49
49 50
50 51
51 52
52 53
53 54
54 55
55 56
56 57
57 58
58 59
59 60
60 61
61 62
62 63
