% Instance:x_tree7
255 255 501
1 2
1 3
2 3
2 4
2 5
3 6
3 7
4 5
4 8
4 9
5 6
5 10
5 11
6 7
6 12
6 13
7 14
7 15
8 9
8 16
8 17
9 10
9 18
9 19
10 11
10 20
10 21
11 12
11 22
11 23
12 13
12 24
12 25
13 14
13 26
13 27
14 15
14 28
14 29
15 30
15 31
16 17
16 32
16 33
17 18
17 34
17 35
18 19
18 36
18 37
19 20
19 38
19 39
20 21
20 40
20 41
21 22
21 42
21 43
22 23
22 44
22 45
23 24
23 46
23 47
24 25
24 48
24 49
25 26
25 50
25 51
26 27
26 52
26 53
27 28
27 54
27 55
28 29
28 56
28 57
29 30
29 58
29 59
30 31
30 60
30 61
31 62
31 63
32 33
32 64
32 65
33 34
33 66
33 67
34 35
34 68
34 69
35 36
35 70
35 71
36 37
36 72
36 73
37 38
37 74
37 75
38 39
38 76
38 77
39 40
39 78
39 79
40 41
40 80
40 81
41 42
41 82
41 83
42 43
42 84
42 85
43 44
43 86
43 87
44 45
44 88
44 89
45 46
45 90
45 91
46 47
46 92
46 93
47 48
47 94
47 95
48 49
48 96
48 97
49 50
49 98
49 99
50 51
50 100
50 101
51 52
51 102
51 103
52 53
52 104
52 105
53 54
53 106
53 107
54 55
54 108
54 109
55 56
55 110
55 111
56 57
56 112
56 113
57 58
57 114
57 115
58 59
58 116
58 117
59 60
59 118
59 119
60 61
60 120
60 121
61 62
61 122
61 123
62 63
62 124
62 125
63 126
63 127
64 65
64 128
64 129
65 66
65 130
65 131
66 67
66 132
66 133
67 68
67 134
67 135
68 69
68 136
68 137
69 70
69 138
69 139
70 71
70 140
70 141
71 72
71 142
71 143
72 73
72 144
72 145
73 74
73 146
73 147
74 75
74 148
74 149
75 76
75 150
75 151
76 77
76 152
76 153
77 78
77 154
77 155
78 79
78 156
78 157
79 80
79 158
79 159
80 81
80 160
80 161
81 82
81 162
81 163
82 83
82 164
82 165
83 84
83 166
83 167
84 85
84 168
84 169
85 86
85 170
85 171
86 87
86 172
86 173
87 88
87 174
87 175
88 89
88 176
88 177
89 90
89 178
89 179
90 91
90 180
90 181
91 92
91 182
91 183
92 93
92 184
92 185
93 94
93 186
93 187
94 95
94 188
94 189
95 96
95 190
95 191
96 97
96 192
96 193
97 98
97 194
97 195
98 99
98 196
98 197
99 100
99 198
99 199
100 101
100 200
100 201
101 102
101 202
101 203
102 103
102 204
102 205
103 104
103 206
103 207
104 105
104 208
104 209
105 106
105 210
105 211
106 107
106 212
106 213
107 108
107 214
107 215
108 109
108 216
108 217
109 110
109 218
109 219
110 111
110 220
110 221
111 112
111 222
111 223
112 113
112 224
112 225
113 114
113 226
113 227
114 115
114 228
114 229
115 116
115 230
115 231
116 117
116 232
116 233
117 118
117 234
117 235
118 119
118 236
118 237
119 120
119 238
119 239
120 121
120 240
120 241
121 122
121 242
121 243
122 123
122 244
122 245
123 124
123 246
123 247
124 125
124 248
124 249
125 126
125 250
125 251
126 127
126 252
126 253
127 254
127 255
128 129
129 130
130 131
131 132
132 133
133 134
134 135
135 136
136 137
137 138
138 139
139 140
140 141
141 142
142 143
143 144
144 145
145 146
146 147
147 148
148 149
149 150
150 151
151 152
152 153
153 154
154 155
155 156
156 157
157 158
158 159
159 160
160 161
161 162
162 163
163 164
164 165
165 166
166 167
167 168
168 169
169 170
170 171
171 172
172 173
173 174
174 175
175 176
176 177
177 178
178 179
179 180
180 181
181 182
182 183
183 184
184 185
185 186
186 187
187 188
188 189
189 190
190 191
191 192
192 193
193 194
194 195
195 196
196 197
197 198
198 199
199 200
200 201
201 202
202 203
203 204
204 205
205 206
206 207
207 208
208 209
209 210
210 211
211 212
212 213
213 214
214 215
215 216
216 217
217 218
218 219
219 220
220 221
221 222
222 223
223 224
224 225
225 226
226 227
227 228
228 229
229 230
230 231
231 232
232 233
233 234
234 235
235 236
236 237
237 238
238 239
239 240
240 241
241 242
242 243
243 244
244 245
245 246
246 247
247 248
248 249
249 250
250 251
251 252
252 253
253 254
254 255
