% Instance:cc4
64 64 113
1 2
1 17
1 19
2 20
2 22
3 20
3 23
3 25
3 26
4 17
4 23
4 26
4 28
5 18
5 29
5 31
5 32
5 38
6 21
6 29
6 32
6 34
6 35
7 24
7 33
7 35
7 37
7 39
8 27
8 30
8 36
8 38
8 40
9 19
9 41
9 43
9 44
9 50
9 53
10 22
10 41
10 44
10 46
10 47
10 56
11 25
11 45
11 47
11 49
11 51
11 59
12 28
12 42
12 48
12 50
12 52
12 62
13 31
13 43
13 53
13 55
13 57
13 63
14 34
14 46
14 54
14 56
14 58
14 60
15 37
15 49
15 58
15 59
15 61
15 64
16 40
16 52
16 55
16 61
16 62
16 64
17 18
18 19
20 21
21 22
23 24
24 25
26 27
27 28
29 30
30 31
32 33
33 34
35 36
36 37
38 39
39 40
41 42
42 43
44 45
45 46
47 48
48 49
50 51
51 52
53 54
54 55
56 57
57 58
59 60
60 61
62 63
63 64
