% Instance:cc5
160 160 289
1 2
1 33
1 36
2 37
2 40
3 37
3 41
3 44
3 45
4 33
4 41
4 45
4 48
5 34
5 49
5 52
5 53
5 61
6 38
6 49
6 53
6 56
6 57
7 42
7 54
7 57
7 60
7 62
8 46
8 50
8 58
8 61
8 64
9 35
9 65
9 68
9 69
9 77
9 81
10 39
10 65
10 69
10 72
10 73
10 85
11 43
11 70
11 73
11 76
11 78
11 89
12 47
12 66
12 74
12 77
12 80
12 93
13 51
13 67
13 81
13 84
13 86
13 94
14 55
14 71
14 82
14 85
14 88
14 90
15 59
15 75
15 87
15 89
15 92
15 95
16 63
16 79
16 83
16 91
16 93
16 96
17 36
17 97
17 100
17 101
17 109
17 113
17 129
18 40
18 97
18 101
18 104
18 105
18 117
18 133
19 44
19 102
19 105
19 108
19 110
19 121
19 137
20 48
20 98
20 106
20 109
20 112
20 125
20 141
21 52
21 99
21 113
21 116
21 118
21 126
21 145
22 56
22 103
22 114
22 117
22 120
22 122
22 149
23 60
23 107
23 119
23 121
23 124
23 127
23 153
24 64
24 111
24 115
24 123
24 125
24 128
24 157
25 68
25 100
25 129
25 132
25 134
25 142
25 146
26 72
26 104
26 130
26 133
26 136
26 138
26 150
27 76
27 108
27 135
27 137
27 140
27 143
27 154
28 80
28 112
28 131
28 139
28 141
28 144
28 158
29 84
29 116
29 132
29 145
29 148
29 151
29 159
30 88
30 120
30 136
30 147
30 149
30 152
30 155
31 92
31 124
31 140
31 152
31 153
31 156
31 160
32 96
32 128
32 144
32 148
32 156
32 157
32 160
33 34
34 35
35 36
37 38
38 39
39 40
41 42
42 43
43 44
45 46
46 47
47 48
49 50
50 51
51 52
53 54
54 55
55 56
57 58
58 59
59 60
61 62
62 63
63 64
65 66
66 67
67 68
69 70
70 71
71 72
73 74
74 75
75 76
77 78
78 79
79 80
81 82
82 83
83 84
85 86
86 87
87 88
89 90
90 91
91 92
93 94
94 95
95 96
97 98
98 99
99 100
101 102
102 103
103 104
105 106
106 107
107 108
109 110
110 111
111 112
113 114
114 115
115 116
117 118
118 119
119 120
121 122
122 123
123 124
125 126
126 127
127 128
129 130
130 131
131 132
133 134
134 135
135 136
137 138
138 139
139 140
141 142
142 143
143 144
145 146
146 147
147 148
149 150
150 151
151 152
153 154
154 155
155 156
157 158
158 159
159 160
