% Instance:cc6
384 384 705
1 2
1 65
1 69
2 70
2 74
3 70
3 75
3 79
3 80
4 65
4 75
4 80
4 84
5 66
5 85
5 89
5 90
5 100
6 71
6 85
6 90
6 94
6 95
7 76
7 91
7 95
7 99
7 101
8 81
8 86
8 96
8 100
8 104
9 67
9 105
9 109
9 110
9 120
9 125
10 72
10 105
10 110
10 114
10 115
10 130
11 77
11 111
11 115
11 119
11 121
11 135
12 82
12 106
12 116
12 120
12 124
12 140
13 87
13 107
13 125
13 129
13 131
13 141
14 92
14 112
14 126
14 130
14 134
14 136
15 97
15 117
15 132
15 135
15 139
15 142
16 102
16 122
16 127
16 137
16 140
16 144
17 68
17 145
17 149
17 150
17 160
17 165
17 185
18 73
18 145
18 150
18 154
18 155
18 170
18 190
19 78
19 151
19 155
19 159
19 161
19 175
19 195
20 83
20 146
20 156
20 160
20 164
20 180
20 200
21 88
21 147
21 165
21 169
21 171
21 181
21 205
22 93
22 152
22 166
22 170
22 174
22 176
22 210
23 98
23 157
23 172
23 175
23 179
23 182
23 215
24 103
24 162
24 167
24 177
24 180
24 184
24 220
25 108
25 148
25 185
25 189
25 191
25 201
25 206
26 113
26 153
26 186
26 190
26 194
26 196
26 211
27 118
27 158
27 192
27 195
27 199
27 202
27 216
28 123
28 163
28 187
28 197
28 200
28 204
28 221
29 128
29 168
29 188
29 205
29 209
29 212
29 222
30 133
30 173
30 193
30 207
30 210
30 214
30 217
31 138
31 178
31 198
31 213
31 215
31 219
31 223
32 143
32 183
32 203
32 208
32 218
32 220
32 224
33 69
33 225
33 229
33 230
33 240
33 245
33 265
33 305
34 74
34 225
34 230
34 234
34 235
34 250
34 270
34 310
35 79
35 231
35 235
35 239
35 241
35 255
35 275
35 315
36 84
36 226
36 236
36 240
36 244
36 260
36 280
36 320
37 89
37 227
37 245
37 249
37 251
37 261
37 285
37 325
38 94
38 232
38 246
38 250
38 254
38 256
38 290
38 330
39 99
39 237
39 252
39 255
39 259
39 262
39 295
39 335
40 104
40 242
40 247
40 257
40 260
40 264
40 300
40 340
41 109
41 228
41 265
41 269
41 271
41 281
41 286
41 345
42 114
42 233
42 266
42 270
42 274
42 276
42 291
42 350
43 119
43 238
43 272
43 275
43 279
43 282
43 296
43 355
44 124
44 243
44 267
44 277
44 280
44 284
44 301
44 360
45 129
45 248
45 268
45 285
45 289
45 292
45 302
45 365
46 134
46 253
46 273
46 287
46 290
46 294
46 297
46 370
47 139
47 258
47 278
47 293
47 295
47 299
47 303
47 375
48 144
48 263
48 283
48 288
48 298
48 300
48 304
48 380
49 149
49 229
49 305
49 309
49 311
49 321
49 326
49 346
50 154
50 234
50 306
50 310
50 314
50 316
50 331
50 351
51 159
51 239
51 312
51 315
51 319
51 322
51 336
51 356
52 164
52 244
52 307
52 317
52 320
52 324
52 341
52 361
53 169
53 249
53 308
53 325
53 329
53 332
53 342
53 366
54 174
54 254
54 313
54 327
54 330
54 334
54 337
54 371
55 179
55 259
55 318
55 333
55 335
55 339
55 343
55 376
56 184
56 264
56 323
56 328
56 338
56 340
56 344
56 381
57 189
57 269
57 309
57 345
57 349
57 352
57 362
57 367
58 194
58 274
58 314
58 347
58 350
58 354
58 357
58 372
59 199
59 279
59 319
59 353
59 355
59 359
59 363
59 377
60 204
60 284
60 324
60 348
60 358
60 360
60 364
60 382
61 209
61 289
61 329
61 349
61 365
61 369
61 373
61 383
62 214
62 294
62 334
62 354
62 368
62 370
62 374
62 378
63 219
63 299
63 339
63 359
63 374
63 375
63 379
63 384
64 224
64 304
64 344
64 364
64 369
64 379
64 380
64 384
65 66
66 67
67 68
68 69
70 71
71 72
72 73
73 74
75 76
76 77
77 78
78 79
80 81
81 82
82 83
83 84
85 86
86 87
87 88
88 89
90 91
91 92
92 93
93 94
95 96
96 97
97 98
98 99
100 101
101 102
102 103
103 104
105 106
106 107
107 108
108 109
110 111
111 112
112 113
113 114
115 116
116 117
117 118
118 119
120 121
121 122
122 123
123 124
125 126
126 127
127 128
128 129
130 131
131 132
132 133
133 134
135 136
136 137
137 138
138 139
140 141
141 142
142 143
143 144
145 146
146 147
147 148
148 149
150 151
151 152
152 153
153 154
155 156
156 157
157 158
158 159
160 161
161 162
162 163
163 164
165 166
166 167
167 168
168 169
170 171
171 172
172 173
173 174
175 176
176 177
177 178
178 179
180 181
181 182
182 183
183 184
185 186
186 187
187 188
188 189
190 191
191 192
192 193
193 194
195 196
196 197
197 198
198 199
200 201
201 202
202 203
203 204
205 206
206 207
207 208
208 209
210 211
211 212
212 213
213 214
215 216
216 217
217 218
218 219
220 221
221 222
222 223
223 224
225 226
226 227
227 228
228 229
230 231
231 232
232 233
233 234
235 236
236 237
237 238
238 239
240 241
241 242
242 243
243 244
245 246
246 247
247 248
248 249
250 251
251 252
252 253
253 254
255 256
256 257
257 258
258 259
260 261
261 262
262 263
263 264
265 266
266 267
267 268
268 269
270 271
271 272
272 273
273 274
275 276
276 277
277 278
278 279
280 281
281 282
282 283
283 284
285 286
286 287
287 288
288 289
290 291
291 292
292 293
293 294
295 296
296 297
297 298
298 299
300 301
301 302
302 303
303 304
305 306
306 307
307 308
308 309
310 311
311 312
312 313
313 314
315 316
316 317
317 318
318 319
320 321
321 322
322 323
323 324
325 326
326 327
327 328
328 329
330 331
331 332
332 333
333 334
335 336
336 337
337 338
338 339
340 341
341 342
342 343
343 344
345 346
346 347
347 348
348 349
350 351
351 352
352 353
353 354
355 356
356 357
357 358
358 359
360 361
361 362
362 363
363 364
365 366
366 367
367 368
368 369
370 371
371 372
372 373
373 374
375 376
376 377
377 378
378 379
380 381
381 382
382 383
383 384
