% Instance:hypercube_Q6
64 64 192
1 2
1 4
1 5
1 9
1 17
1 33
2 3
2 6
2 10
2 18
2 34
3 4
3 7
3 11
3 19
3 35
4 8
4 12
4 20
4 36
5 6
5 8
5 13
5 21
5 37
6 7
6 14
6 22
6 38
7 8
7 15
7 23
7 39
8 16
8 24
8 40
9 10
9 12
9 13
9 25
9 41
10 11
10 14
10 26
10 42
11 12
11 15
11 27
11 43
12 16
12 28
12 44
13 14
13 16
13 29
13 45
14 15
14 30
14 46
15 16
15 31
15 47
16 32
16 48
17 18
17 20
17 21
17 25
17 49
18 19
18 22
18 26
18 50
19 20
19 23
19 27
19 51
20 24
20 28
20 52
21 22
21 24
21 29
21 53
22 23
22 30
22 54
23 24
23 31
23 55
24 32
24 56
25 26
25 28
25 29
25 57
26 27
26 30
26 58
27 28
27 31
27 59
28 32
28 60
29 30
29 32
29 61
30 31
30 62
31 32
31 63
32 64
33 34
33 36
33 37
33 41
33 49
34 35
34 38
34 42
34 50
35 36
35 39
35 43
35 51
36 40
36 44
36 52
37 38
37 40
37 45
37 53
38 39
38 46
38 54
39 40
39 47
39 55
40 48
40 56
41 42
41 44
41 45
41 57
42 43
42 46
42 58
43 44
43 47
43 59
44 48
44 60
45 46
45 48
45 61
46 47
46 62
47 48
47 63
48 64
49 50
49 52
49 53
49 57
50 51
50 54
50 58
51 52
51 55
51 59
52 56
52 60
53 54
53 56
53 61
54 55
54 62
55 56
55 63
56 64
57 58
57 60
57 61
58 59
58 62
59 60
59 63
60 64
61 62
61 64
62 63
63 64
