% Instance:shuffleExchange30
30 30 225
1 2
1 4
1 6
1 8
1 10
1 12
1 14
1 16
1 18
1 20
1 22
1 24
1 26
1 28
1 30
2 3
2 5
2 7
2 9
2 11
2 13
2 15
2 17
2 19
2 21
2 23
2 25
2 27
2 29
3 4
3 6
3 8
3 10
3 12
3 14
3 16
3 18
3 20
3 22
3 24
3 26
3 28
3 30
4 5
4 7
4 9
4 11
4 13
4 15
4 17
4 19
4 21
4 23
4 25
4 27
4 29
5 6
5 8
5 10
5 12
5 14
5 16
5 18
5 20
5 22
5 24
5 26
5 28
5 30
6 7
6 9
6 11
6 13
6 15
6 17
6 19
6 21
6 23
6 25
6 27
6 29
7 8
7 10
7 12
7 14
7 16
7 18
7 20
7 22
7 24
7 26
7 28
7 30
8 9
8 11
8 13
8 15
8 17
8 19
8 21
8 23
8 25
8 27
8 29
9 10
9 12
9 14
9 16
9 18
9 20
9 22
9 24
9 26
9 28
9 30
10 11
10 13
10 15
10 17
10 19
10 21
10 23
10 25
10 27
10 29
11 12
11 14
11 16
11 18
11 20
11 22
11 24
11 26
11 28
11 30
12 13
12 15
12 17
12 19
12 21
12 23
12 25
12 27
12 29
13 14
13 16
13 18
13 20
13 22
13 24
13 26
13 28
13 30
14 15
14 17
14 19
14 21
14 23
14 25
14 27
14 29
15 16
15 18
15 20
15 22
15 24
15 26
15 28
15 30
16 17
16 19
16 21
16 23
16 25
16 27
16 29
17 18
17 20
17 22
17 24
17 26
17 28
17 30
18 19
18 21
18 23
18 25
18 27
18 29
19 20
19 22
19 24
19 26
19 28
19 30
20 21
20 23
20 25
20 27
20 29
21 22
21 24
21 26
21 28
21 30
22 23
22 25
22 27
22 29
23 24
23 26
23 28
23 30
24 25
24 27
24 29
25 26
25 28
25 30
26 27
26 29
27 28
27 30
28 29
29 30
