% Instance:shuffleExchange25
25 25 156
1 2
1 4
1 6
1 8
1 10
1 12
1 14
1 16
1 18
1 20
1 22
1 24
2 3
2 5
2 7
2 9
2 11
2 13
2 15
2 17
2 19
2 21
2 23
2 25
3 4
3 6
3 8
3 10
3 12
3 14
3 16
3 18
3 20
3 22
3 24
4 5
4 7
4 9
4 11
4 13
4 15
4 17
4 19
4 21
4 23
4 25
5 6
5 8
5 10
5 12
5 14
5 16
5 18
5 20
5 22
5 24
6 7
6 9
6 11
6 13
6 15
6 17
6 19
6 21
6 23
6 25
7 8
7 10
7 12
7 14
7 16
7 18
7 20
7 22
7 24
8 9
8 11
8 13
8 15
8 17
8 19
8 21
8 23
8 25
9 10
9 12
9 14
9 16
9 18
9 20
9 22
9 24
10 11
10 13
10 15
10 17
10 19
10 21
10 23
10 25
11 12
11 14
11 16
11 18
11 20
11 22
11 24
12 13
12 15
12 17
12 19
12 21
12 23
12 25
13 14
13 16
13 18
13 20
13 22
13 24
14 15
14 17
14 19
14 21
14 23
14 25
15 16
15 18
15 20
15 22
15 24
16 17
16 19
16 21
16 23
16 25
17 18
17 20
17 22
17 24
18 19
18 21
18 23
18 25
19 20
19 22
19 24
20 21
20 23
20 25
21 22
21 24
22 23
22 25
23 24
24 25
