% Instance:toroidalmesh7X7
49 49 98
1 2
1 7
1 8
1 43
2 3
2 9
2 44
3 4
3 10
3 45
4 5
4 11
4 46
5 6
5 12
5 47
6 7
6 13
6 48
7 14
7 49
8 9
8 14
8 15
9 10
9 16
10 11
10 17
11 12
11 18
12 13
12 19
13 14
13 20
14 21
15 16
15 21
15 22
16 17
16 23
17 18
17 24
18 19
18 25
19 20
19 26
20 21
20 27
21 28
22 23
22 28
22 29
23 24
23 30
24 25
24 31
25 26
25 32
26 27
26 33
27 28
27 34
28 35
29 30
29 35
29 36
30 31
30 37
31 32
31 38
32 33
32 39
33 34
33 40
34 35
34 41
35 42
36 37
36 42
36 43
37 38
37 44
38 39
38 45
39 40
39 46
40 41
40 47
41 42
41 48
42 49
43 44
43 49
44 45
45 46
46 47
47 48
48 49
